4 8 1
0 0 1 0 : 5.32041995948778e-1 4.133302507738267e-1 4.532886562820554e-2 7.802731722129411e-3 1.2622812077699745e-3 1.9588248489893294e-4 3.1972005742145276e-5 5.4144944023580334e-6 6.057342469864151e-7
1 0 1 0 : 6.166876031210129e-1 3.5771497593974777e-1 2.235310579895825e-2 2.826776018324574e-3 3.590619599555814e-4 4.8363206083509007e-5 8.215374847395005e-6 1.6802583741035083e-6 2.183226959933838e-7
1 1 1 0 : 5.839756161720415e-1 3.7863553744259365e-1 3.1554103078092165e-2 4.9456007400128996e-3 7.56177595443905e-4 1.1379383204649006e-4 1.7241711116273583e-5 1.9294286530203108e-6 0e0
1 2 0 0 : 6.560974936132444e-1 3.2887973338445553e-1 1.3353827840894419e-2 1.4793717179597333e-3 1.7015122995233848e-4 1.8207693657726934e-5 1.214519835854853e-6 0e0 0e0
1 3 0 0 : 6.776447289636693e-1 3.1284296114312027e-1 8.64724795513819e-3 7.974562607640768e-4 6.528794180649302e-5 2.3177355015577943e-6 0e0 0e0 0e0
1 4 0 0 : 6.892982709334832e-1 3.0404456981082645e-1 6.216933409528925e-3 4.276818087488224e-4 1.2544037412565307e-5 0e0 0e0 0e0 0e0
1 5 0 0 : 6.976536450143602e-1 2.9802694378604355e-1 4.201800651278192e-3 1.176105483180615e-4 0e0 0e0 0e0 0e0 0e0
1 6 0 0 : 7.233821128446241e-1 2.7499824113373933e-1 1.6196460216366373e-3 0e0 0e0 0e0 0e0 0e0 0e0
1 7 0 0 : 8.168813867141761e-1 1.8311861328582388e-1 0e0 0e0 0e0 0e0 0e0 0e0 0e0
1 8 0 0 : 1e0 0e0 0e0 0e0 0e0 0e0 0e0 0e0 0e0
2 0 1 0 : 6.525519119137513e-1 3.317038907942571e-1 1.4024253559724396e-2 1.516827823670348e-3 1.74916860592479e-4 2.3085939631506134e-5 4.0828266358344285e-6 9.003308292223595e-7 1.2995090789304968e-7
2 1 1 0 : 6.371106918135974e-1 3.428486704555855e-1 1.764539239041176e-2 2.098606429899717e-3 2.566506488570052e-4 3.371949299202111e-5 5.484237971305914e-6 7.845306853341026e-7 0e0
2 2 0 0 : 6.745579790401662e-1 3.152537488974131e-1 9.203265438954313e-3 8.844773217424043e-4 9.051184843555081e-5 9.349847967895828e-6 6.676053204963624e-7 0e0 0e0
2 2 1 0 : 6.139644045912369e-1 3.581616758516552e-1 2.3856898497103426e-2 3.438292823876128e-3 4.980518950964409e-4 7.241058476149592e-5 8.265756270339765e-6 0e0 0e0
2 3 0 0 : 6.633385997619965e-1 3.2352494263683607e-1 1.1750915285110611e-2 1.2422260117749741e-3 1.3390502351553444e-4 9.411280766282694e-6 0e0 0e0 0e0
2 4 0 0 : 6.808214780893715e-1 3.104616727733493e-1 7.98069628424686e-3 6.979513067889391e-4 3.82015462433702e-5 0e0 0e0 0e0 0e0
2 5 0 0 : 6.910516286534598e-1 3.0285278772015656e-1 5.813669517680773e-3 2.819141087027978e-4 0e0 0e0 0e0 0e0 0e0
2 6 0 0 : 6.993219851786232e-1 2.9766099390175865e-1 3.0170209196180666e-3 0e0 0e0 0e0 0e0 0e0 0e0
2 7 0 0 : 7.725190798309067e-1 2.2748092016909327e-1 0e0 0e0 0e0 0e0 0e0 0e0 0e0
2 8 0 0 : 1e0 0e0 0e0 0e0 0e0 0e0 0e0 0e0 0e0
3 0 1 0 : 6.710516291180224e-1 3.179254693528193e-1 9.937361327000365e-3 9.646938157405497e-4 1.0397396924110186e-4 1.3698101902827302e-5 2.530608236072255e-6 5.493460751166915e-7 9.436096232703359e-8
3 1 1 0 : 6.621357566981583e-1 3.245403129634661e-1 1.192822414362079e-2 1.2367807297967207e-3 1.3815630013629641e-4 1.7467465570860155e-5 2.7600775887121485e-6 5.416216622022752e-7 0e0
3 2 0 0 : 6.838894645816802e-1 3.0828072821206537e-1 7.136766202455409e-3 6.277222199342052e-4 5.9219725276850496e-5 5.583053512188474e-6 5.160050757639032e-7 0e0 0e0
3 2 1 0 : 6.508645157949138e-1 3.327549766699602e-1 1.452622138979318e-2 1.6348398996859862e-3 1.9201632073780335e-4 2.396642481530097e-5 3.4635000938318043e-6 0e0 0e0
3 3 0 0 : 6.785665551071733e-1 3.1222817380135504e-1 8.355388432726998e-3 7.717035791133073e-4 7.240533629689027e-5 5.773743334475084e-6 0e0 0e0 0e0
3 3 1 0 : 6.334401042017894e-1 3.446200007213074e-1 1.9003349945800666e-2 2.5394881024114017e-3 3.486113271899488e-4 4.844570150125582e-5 0e0 0e0 0e0
3 4 0 0 : 6.693132347649184e-1 3.1909344434780096e-1 1.0440584740614276e-2 1.0495592699182542e-3 1.031768767481496e-4 0e0 0e0 0e0 0e0
3 5 0 0 : 6.836716355923429e-1 3.0835880967265855e-1 7.368422561863957e-3 6.011321731345798e-4 0e0 0e0 0e0 0e0 0e0
3 6 0 0 : 6.924762834119464e-1 3.021243103247535e-1 5.399406263300022e-3 0e0 0e0 0e0 0e0 0e0 0e0
3 7 0 0 : 7.00930171412373e-1 2.9906982858762704e-1 0e0 0e0 0e0 0e0 0e0 0e0 0e0
3 8 0 0 : 1e0 0e0 0e0 0e0 0e0 0e0 0e0 0e0 0e0
