4 8 1
0 0 1 0 : 5.320334893374467e-1 4.1333458899154973e-1 4.5331891971695036e-2 7.803632509687736e-3 1.2624792981888113e-3 1.9591893168783835e-4 3.197784233062968e-5 5.41529571528428e-6 6.058216982620928e-7
1 0 1 0 : 6.166827541034837e-1 3.5771805800443085e-1 2.2354503581401945e-2 2.8270844975381033e-3 3.5911387475023697e-4 4.8371028352350756e-5 8.216326378173954e-6 1.6802572978598583e-6 2.1832636698946312e-7
1 1 1 0 : 5.839699933895318e-1 3.7863862203932264e-1 3.155598177961537e-2 4.946127018630484e-3 7.562882334657758e-4 1.1381334793664062e-4 1.7244427082408358e-5 1.9297644148999996e-6 0e0
1 2 0 0 : 6.560944498645773e-1 3.288818773991742e-1 1.3354552204359776e-2 1.4795202428467165e-3 1.701745437628842e-4 1.8211736931892227e-5 1.2140083472694933e-6 0e0 0e0
1 3 0 0 : 6.77642093060001e-1 3.1284499957054984e-1 8.647744254967768e-3 7.975407786021797e-4 6.53028829677594e-5 2.319452911475326e-6 0e0 0e0 0e0
1 4 0 0 : 6.892957336620978e-1 3.040466765834074e-1 6.2172479111393345e-3 4.2777872035764454e-4 1.2563122997893263e-5 0e0 0e0 0e0 0e0
1 5 0 0 : 6.97651158691909e-1 2.980286913794008e-1 4.202394993717034e-3 1.1775493497327397e-4 0e0 0e0 0e0 0e0 0e0
1 6 0 0 : 7.233812821247474e-1 2.7499874245526656e-1 1.6199754199860256e-3 0e0 0e0 0e0 0e0 0e0 0e0
1 7 0 0 : 8.168874253553055e-1 1.8311257464469452e-1 0e0 0e0 0e0 0e0 0e0 0e0 0e0
1 8 0 0 : 1e0 0e0 0e0 0e0 0e0 0e0 0e0 0e0 0e0
2 0 1 0 : 6.52548184808594e-1 3.3170653693746677e-1 1.4025138528905455e-2 1.516993917328621e-3 1.7494240354789915e-4 2.3089697847124778e-5 4.083422014435789e-6 9.003330527092093e-7 1.2995124307559822e-7
2 1 1 0 : 6.371067903842833e-1 3.4285127193957154e-1 1.7646430837244372e-2 2.0988251479592507e-3 2.566874746748885e-4 3.372462951961698e-5 5.484910995034599e-6 7.846757519267958e-7 0e0
2 2 0 0 : 6.745551554470304e-1 3.152559287344745e-1 9.203800659530064e-3 8.845678831263854e-4 9.052669907205717e-5 9.352689375528084e-6 6.678873910860912e-7 0e0 0e0
2 2 1 0 : 6.139601216657302e-1 3.581642120949603e-1 2.385821861928848e-2 3.4386384224368736e-3 4.981203236649948e-4 7.242200642691975e-5 8.266867492268405e-6 0e0 0e0
2 3 0 0 : 6.63335767504085e-1 3.235270186125982e-1 1.1751537556718651e-2 1.2423459517676915e-3 1.3392043911852525e-4 9.409935712000544e-6 0e0 0e0 0e0
2 4 0 0 : 6.808189660552917e-1 3.104636925593652e-1 7.981142093769385e-3 6.980034120659135e-4 3.819587950779259e-5 0e0 0e0 0e0 0e0
2 5 0 0 : 6.910491149967309e-1 3.0285482368846567e-1 5.814108529723972e-3 2.819527850795283e-4 0e0 0e0 0e0 0e0 0e0
2 6 0 0 : 6.993197089383135e-1 2.976630922999038e-1 3.0171987617825316e-3 0e0 0e0 0e0 0e0 0e0 0e0
2 7 0 0 : 7.725163586193988e-1 2.274836413806012e-1 0e0 0e0 0e0 0e0 0e0 0e0 0e0
2 8 0 0 : 1e0 0e0 0e0 0e0 0e0 0e0 0e0 0e0 0e0
3 0 1 0 : 6.710483617105153e-1 3.1792796478518615e-1 9.93801037953087e-3 9.648000764916262e-4 1.039886054840709e-4 1.36999528700815e-5 2.5307656409698873e-6 5.493605425237494e-7 9.436373852239285e-8
3 1 1 0 : 6.621324332835546e-1 3.2454275489855433e-1 1.1928954253737509e-2 1.236912082880338e-3 1.3817474248517815e-4 1.746928774836159e-5 2.75976717019655e-6 5.416838692052786e-7 0e0
3 2 0 0 : 6.838867051005509e-1 3.082829814038741e-1 7.137215100009217e-3 6.277816227370044e-4 5.9219347600109324e-5 5.5812398367674e-6 5.161853918425032e-7 0e0 0e0
3 2 1 0 : 6.508611517510043e-1 3.327573235686371e-1 1.4527043552111102e-2 1.6350050309747867e-3 1.9204318151623114e-4 2.3969412984034954e-5 3.4635027724433958e-6 0e0 0e0
3 3 0 0 : 6.785638393354941e-1 3.122303151453922e-1 8.35586576823612e-3 7.717819304466411e-4 7.24252757762587e-5 5.772544654760859e-6 0e0 0e0 0e0
3 3 1 0 : 6.334365468572032e-1 3.4462225399749874e-1 1.9004350786389308e-2 2.539734113641547e-3 3.4866030219429204e-4 4.845394307308414e-5 0e0 0e0 0e0
3 4 0 0 : 6.693105176844032e-1 3.1909544712991295e-1 1.0441152585826605e-2 1.0496804301632202e-3 1.0320216969407827e-4 0e0 0e0 0e0 0e0
3 5 0 0 : 6.836689807259605e-1 3.083609298743736e-1 7.368938790098087e-3 6.011506095678986e-4 0e0 0e0 0e0 0e0 0e0
3 6 0 0 : 6.924736911451816e-1 3.021263586116754e-1 5.399950243142991e-3 0e0 0e0 0e0 0e0 0e0 0e0
3 7 0 0 : 7.009274824239897e-1 2.9907251757601033e-1 0e0 0e0 0e0 0e0 0e0 0e0 0e0
3 8 0 0 : 1e0 0e0 0e0 0e0 0e0 0e0 0e0 0e0 0e0
