4 8 1
0 0 1 0 : 5.320257759944793e-1 4.133382978639168e-1 4.533473134391548e-2 7.804539153583302e-3 1.2626898099456485e-3 1.9595918557511636e-4 3.198452769640168e-5 5.41622218465286e-6 6.058987035638382e-7
1 0 1 0 : 6.166782642162748e-1 3.5772077599582663e-1 2.2355873804473753e-2 2.8274152949881956e-3 3.591738762183996e-4 4.8380341457643174e-5 8.217688469426931e-6 1.6804379945192714e-6 2.183442964379675e-7
1 1 1 0 : 5.83964850635777e-1 3.78641268201384e-1 3.155778600872664e-2 4.94667238688065e-3 7.56409267887411e-4 1.1383565794775988e-4 1.7247784097536434e-5 1.9300572990619966e-6 0e0
1 2 0 0 : 6.560917972717888e-1 3.288836398481252e-1 1.3355254122774496e-2 1.4796779107966113e-3 1.7020131825047408e-4 1.8215289215148332e-5 1.2142390491613638e-6 0e0 0e0
1 3 0 0 : 6.776397677474194e-1 3.1284672441257694e-1 8.648240046678246e-3 7.976331275296571e-4 6.531455194065238e-5 2.320113855160282e-6 0e0 0e0 0e0
1 4 0 0 : 6.892934763952852e-1 3.040484511903581e-1 6.217668146531111e-3 4.278373730694886e-4 1.2566894756109952e-5 0e0 0e0 0e0 0e0
1 5 0 0 : 6.976488548610146e-1 2.9803059764743434e-1 4.202753712435056e-3 1.1779377911617838e-4 0e0 0e0 0e0 0e0 0e0
1 6 0 0 : 7.233793470885276e-1 2.750004378702665e-1 1.6202150412060465e-3 0e0 0e0 0e0 0e0 0e0 0e0
1 7 0 0 : 8.168868476470778e-1 1.8311315235292228e-1 0e0 0e0 0e0 0e0 0e0 0e0 0e0
1 8 0 0 : 1e0 0e0 0e0 0e0 0e0 0e0 0e0 0e0 0e0
2 0 1 0 : 6.525447171854515e-1 3.3170889333824405e-1 1.4026030411594816e-2 1.5171784364727558e-3 1.7497224845360086e-4 2.309400314562235e-5 4.084005843401056e-6 9.004103186451863e-7 1.2996047560119038e-7
2 1 1 0 : 6.371031724139772e-1 3.428535654097269e-1 1.7647466517962198e-2 2.099064703959622e-3 2.567294512669367e-4 3.373095927617037e-5 5.485789675297963e-6 7.847541556855974e-7 0e0
2 2 0 0 : 6.745526371519206e-1 3.1525778341860144e-1 9.204344816459036e-3 8.846704139767611e-4 9.054181611586583e-5 9.354409586591181e-6 6.67973339688123e-7 0e0 0e0
2 2 1 0 : 6.139561851221516e-1 3.58166395209254e-1 2.3859511643175714e-2 3.439005887400923e-3 4.981979849210952e-4 7.243577249684894e-5 8.268380600037293e-6 0e0 0e0
2 3 0 0 : 6.633332718358166e-1 3.2352873598050047e-1 1.1752159583160175e-2 1.2424789405191938e-3 1.3394187737939675e-4 9.411782624202661e-6 0e0 0e0 0e0
2 4 0 0 : 6.808166973752996e-1 3.104654034248542e-1 7.981609180457533e-3 6.980875167316938e-4 3.8202502657024556e-5 0e0 0e0 0e0 0e0
2 5 0 0 : 6.91046882454779e-1 3.0285661154415316e-1 5.814519216625774e-3 2.819867844421092e-4 0e0 0e0 0e0 0e0 0e0
2 6 0 0 : 6.993175318866351e-1 2.976650076677416e-1 3.0174604456232857e-3 0e0 0e0 0e0 0e0 0e0 0e0
2 7 0 0 : 7.725149201883686e-1 2.2748507981163135e-1 0e0 0e0 0e0 0e0 0e0 0e0 0e0
2 8 0 0 : 1e0 0e0 0e0 0e0 0e0 0e0 0e0 0e0 0e0
3 0 1 0 : 6.710453233850115e-1 3.1793019076440887e-1 9.938679971182689e-3 9.649221294364106e-4 1.040065981686201e-4 1.3702342114375524e-5 2.5310482375893926e-6 5.493932500468326e-7 9.436818977471866e-8
3 1 1 0 : 6.621293428830309e-1 3.245449230419139e-1 1.1929700724846474e-2 1.2370608558007483e-3 1.381980828508444e-4 1.7472526360118718e-5 2.7601676520744625e-6 5.417175448724232e-7 0e0
3 2 0 0 : 6.838841904829691e-1 3.0828493320319844e-1 7.1376884906128495e-3 6.278597319323079e-4 5.9229659198793247e-5 5.582217334740266e-6 5.16214753828622e-7 0e0 0e0
3 2 1 0 : 6.508580287252811e-1 3.3275939277725924e-1 1.4527877231399014e-2 1.6351891734240499e-3 1.9207420330760318e-4 2.397384046313661e-5 3.4640488657632676e-6 0e0 0e0
3 3 0 0 : 6.785613940935666e-1 3.1223215286045003e-1 8.356368856109195e-3 7.718719075612033e-4 7.243850351058377e-5 5.773778802298568e-6 0e0 0e0 0e0
3 3 1 0 : 6.33433268974886e-1 3.4462420357157314e-1 1.9005349814238556e-2 2.5400007291330154e-3 3.48713898613168e-4 4.846301155614684e-5 0e0 0e0 0e0
3 4 0 0 : 6.693081442395329e-1 3.190971282243439e-1 1.0441712247735246e-2 1.0497951101295754e-3 1.0322017825828399e-4 0e0 0e0 0e0 0e0
3 5 0 0 : 6.836667612093769e-1 3.083626407446353e-1 7.36937583949547e-3 6.012222064923488e-4 0e0 0e0 0e0 0e0 0e0
3 6 0 0 : 6.924714642244565e-1 3.021281993892408e-1 5.400336386302666e-3 0e0 0e0 0e0 0e0 0e0 0e0
3 7 0 0 : 7.009253815402494e-1 2.9907461845975064e-1 0e0 0e0 0e0 0e0 0e0 0e0 0e0
3 8 0 0 : 1e0 0e0 0e0 0e0 0e0 0e0 0e0 0e0 0e0
